1735445406.071 118.000 4.331
1735445406.071 233.000 5.040
1735445406.071 181.000 8.187
1735445406.071 167.000 7.036
1735445406.071 119.000 4.247
1735445406.071 135.000 5.129
1735445406.071 86.000 4.025
1735445406.071 93.000 4.172
1735445406.071 129.000 5.041
1735445406.071 119.000 4.796
1735445406.071 123.000 4.216
1735445406.071 110.000 4.283
1735445406.071 203.000 5.512
1735445406.071 103.000 4.324
1735445406.071 113.000 4.591
1735445406.071 136.000 4.687
1735445406.071 116.000 4.172
1735445406.071 160.000 6.880
1735445406.071 195.000 9.598
1735445406.071 188.000 8.897
1735445406.071 191.000 9.296
1735445406.071 178.000 7.993
1735445406.071 194.000 4.306
1735445406.071 144.000 6.199
1735445406.071 182.000 4.060
1735445406.071 123.000 5.369
