1735445406.071 229.000 25.921
1735445406.071 254.000 72.003
1735445406.071 235.000 26.013
1735445406.071 230.000 24.043
1735445406.071 230.000 23.983
1735445406.071 230.000 24.142
1735445406.071 229.000 23.262
1735445406.071 254.000 63.268
1735445406.071 254.000 66.785
1735445406.071 244.000 35.418
1735445406.071 231.000 22.939
1735445406.071 253.000 53.990
1735445406.071 246.000 31.228
1735445406.071 222.000 17.632
1735445406.071 252.000 47.246
1735445406.071 253.000 47.363
1735445406.071 253.000 50.472
1735445406.071 253.000 33.979
1735445406.071 244.000 28.566
1735445406.071 234.000 20.873
1735445406.071 214.000 8.098
1735445406.071 254.000 91.635
1735445406.071 229.000 25.446
1735445406.071 254.000 87.820
1735445406.071 230.000 26.238
1735445406.071 230.000 24.273
1735445406.071 230.000 23.601
1735445406.071 236.000 23.635
1735445406.071 231.000 22.694
1735445406.071 226.000 18.810
1735445406.071 253.000 47.739
1735445406.071 247.000 47.671
1735445406.071 253.000 62.637
1735445406.071 229.000 26.160
1735445406.071 254.000 82.759
1735445406.071 254.000 83.778
1735445406.071 254.000 63.090
1735445406.071 230.000 23.460
1735445406.071 230.000 23.923
1735445406.071 253.000 57.079
1735445406.071 229.000 19.383
1735445406.071 253.000 46.973
1735445406.071 248.000 84.903
1735445406.071 201.000 10.142
1735445406.071 244.000 39.286
1735445406.071 221.000 19.065
1735445406.071 225.000 20.078
1735445406.071 251.000 40.971
1735445406.071 228.000 21.097
1735445406.071 230.000 23.287
1735445406.071 237.000 24.739
1735445406.071 253.000 47.226
1735445406.071 222.000 9.414
1735445406.071 205.000 9.475
1735445406.071 229.000 26.107
1735445406.071 225.000 25.920
1735445406.071 254.000 67.298
1735445406.071 254.000 64.829
1735445406.071 254.000 25.422
1735445406.071 253.000 64.691
1735445406.071 229.000 24.646
1735445406.071 254.000 68.866
1735445406.071 252.000 58.424
1735445406.071 246.000 29.219
1735445406.071 246.000 39.515
1735445406.071 237.000 26.993
1735445406.071 219.000 16.541
1735445406.071 253.000 49.768
1735445406.071 230.000 24.352
1735445406.071 253.000 51.717
1735445406.071 229.000 25.977
1735445406.071 231.000 22.897
1735445406.071 252.000 47.798
1735445406.071 253.000 43.132
1735445406.071 234.000 20.436
1735445406.071 246.000 39.958
1735445406.071 230.000 26.400
1735445406.071 236.000 21.516
1735445406.071 241.000 31.418
1735445406.071 239.000 24.407
1735445406.071 254.000 88.320
1735445406.071 245.000 32.486
1735445406.071 244.000 28.736
1735445406.071 253.000 45.747
1735445406.071 254.000 84.087
1735445406.071 246.000 29.958
1735445406.071 230.000 26.026
1735445406.071 252.000 49.043
1735445406.071 226.000 26.396
1735445406.071 254.000 76.755
1735445406.071 221.000 19.072
1735445406.071 214.000 9.697
1735445406.071 228.000 24.745
1735445406.071 240.000 36.428
1735445406.071 230.000 25.372
1735445406.071 253.000 42.111
1735445406.071 253.000 55.961
1735445406.071 253.000 46.710
1735445406.071 244.000 40.003
1735445406.071 253.000 52.036
1735445406.071 253.000 42.878
1735445406.071 225.000 20.250
1735445406.071 241.000 27.106
1735445406.071 229.000 25.550
1735445406.071 244.000 31.719
1735445406.071 192.000 8.311
1735445406.071 122.000 5.250
1735445406.071 254.000 92.367
1735445406.071 229.000 25.007
1735445406.071 230.000 23.604
