# timestamp featID feat_p3d feat_uv_pixel pose_A_t pose_A_q
1735445406.071 207 26.781  8.808  3.692 177.703 195.810 -0.618 -0.250  1.550 -0.021  0.016 -0.011  1.000
1735445406.071 200 51.545 -5.180  7.891 345.708 181.821 -0.618 -0.250  1.550 -0.021  0.016 -0.011  1.000
1735445406.071 184  39.725 -12.256  20.021 432.131  52.577 -0.618 -0.250  1.550 -0.021  0.016 -0.011  1.000
1735445406.071 185 72.485 10.046 22.932 256.362 113.430 -0.618 -0.250  1.550 -0.021  0.016 -0.011  1.000
1735445406.071 169 56.276 14.281 19.336 210.929 103.659 -0.618 -0.250  1.550 -0.021  0.016 -0.011  1.000
1735445406.071 170 46.068 -6.704  4.318 361.523 206.736 -0.618 -0.250  1.550 -0.021  0.016 -0.011  1.000
1735445406.071 148 9.132 3.275 0.463 162.993 270.564 -0.618 -0.250  1.550 -0.021  0.016 -0.011  1.000
1735445406.071 21 33.375 -0.691  1.499 311.709 229.796 -0.618 -0.250  1.550 -0.021  0.016 -0.011  1.000
1735445406.071 147 18.973 13.315  7.791 35.053 95.922 -0.618 -0.250  1.550 -0.021  0.016 -0.011  1.000
1735445406.071 20 49.826 -4.716  2.663 341.938 221.658 -0.618 -0.250  1.550 -0.021  0.016 -0.011  1.000
1735445406.071 146  76.803 -15.339  31.673 390.425  77.131 -0.618 -0.250  1.550 -0.021  0.016 -0.011  1.000
1735445406.071 19 46.772 -4.581  4.388 343.659 206.789 -0.618 -0.250  1.550 -0.021  0.016 -0.011  1.000
1735445406.071 144  25.840 -16.598  14.648 557.247  41.382 -0.618 -0.250  1.550 -0.021  0.016 -0.011  1.000
1735445406.071 17 17.350 11.941  3.005  38.865 192.316 -0.618 -0.250  1.550 -0.021  0.016 -0.011  1.000
1735445406.071 76 67.383 -1.018 22.795 316.997 106.757 -0.618 -0.250  1.550 -0.021  0.016 -0.011  1.000
1735445406.071 160 42.247 10.762 16.542 211.155  90.077 -0.618 -0.250  1.550 -0.021  0.016 -0.011  1.000
1735445406.071 33  25.751 -13.314  14.459 509.663  42.894 -0.618 -0.250  1.550 -0.021  0.016 -0.011  1.000
1735445406.071 4  25.380 -15.582  14.405 546.595  41.114 -0.618 -0.250  1.550 -0.021  0.016 -0.011  1.000
1735445406.071 63 40.971 10.246 12.619 211.756 123.039 -0.618 -0.250  1.550 -0.021  0.016 -0.011  1.000
1735445406.071 34  23.673 -13.177  10.819 521.341  85.927 -0.618 -0.250  1.550 -0.021  0.016 -0.011  1.000
1735445406.071 5  72.144 -14.006  33.780 389.325  57.740 -0.618 -0.250  1.550 -0.021  0.016 -0.011  1.000
1735445406.071 132  25.549 -12.452  14.171 498.664  43.819 -0.618 -0.250  1.550 -0.021  0.016 -0.011  1.000
1735445406.071 64 20.942 12.880  6.295  68.211 138.434 -0.618 -0.250  1.550 -0.021  0.016 -0.011  1.000
1735445406.071 35  22.976 -12.170   9.331 509.820 105.451 -0.618 -0.250  1.550 -0.021  0.016 -0.011  1.000
1735445406.071 6 25.987 10.421 12.036 154.066  70.716 -0.618 -0.250  1.550 -0.021  0.016 -0.011  1.000
1735445406.071 65  22.628 -11.954   8.094 508.024 123.589 -0.618 -0.250  1.550 -0.021  0.016 -0.011  1.000
1735445406.071 36 61.596  5.690 18.095 274.116 124.990 -0.618 -0.250  1.550 -0.021  0.016 -0.011  1.000
1735445406.071 7  23.464 -13.084  11.429 522.355  73.828 -0.618 -0.250  1.550 -0.021  0.016 -0.011  1.000
1735445406.071 66 24.095 -9.672  6.922 459.304 147.700 -0.618 -0.250  1.550 -0.021  0.016 -0.011  1.000
1735445406.071 291  22.989 -11.499   9.162 498.270 106.407 -0.618 -0.250  1.550 -0.021  0.016 -0.011  1.000
1735445406.071 37 23.033 -9.156  7.902 458.760 128.566 -0.618 -0.250  1.550 -0.021  0.016 -0.011  1.000
1735445406.071 8  23.397 -12.336  10.672 510.139  86.023 -0.618 -0.250  1.550 -0.021  0.016 -0.011  1.000
1735445406.071 67 46.675 -2.823  4.401 329.276 206.749 -0.618 -0.250  1.550 -0.021  0.016 -0.011  1.000
1735445406.071 18 46.857  4.684  4.140 267.251 207.681 -0.618 -0.250  1.550 -0.021  0.016 -0.011  1.000
1735445406.071 77  64.540 -12.925  19.551 388.196 122.660 -0.618 -0.250  1.550 -0.021  0.016 -0.011  1.000
1735445406.071 136 48.624  3.119  4.257 281.139 208.530 -0.618 -0.250  1.550 -0.021  0.016 -0.011  1.000
1735445406.071 9  23.523 -13.899  10.767 534.198  85.056 -0.618 -0.250  1.550 -0.021  0.016 -0.011  1.000
1735445406.071 68 8.931 6.125 1.021  42.224 246.256 -0.618 -0.250  1.550 -0.021  0.016 -0.011  1.000
1735445406.071 46 83.415  2.585 37.928 301.326  59.735 -0.618 -0.250  1.550 -0.021  0.016 -0.011  1.000
1735445406.071 50  23.282 -13.029   9.437 521.219 105.744 -0.618 -0.250  1.550 -0.021  0.016 -0.011  1.000
1735445406.071 51 56.789 -4.872 13.920 342.368 146.611 -0.618 -0.250  1.550 -0.021  0.016 -0.011  1.000
1735445406.071 52 19.092 11.595  2.955  70.031 197.472 -0.618 -0.250  1.550 -0.021  0.016 -0.011  1.000
1735445406.071 53 46.316 -7.761  4.578 370.358 206.589 -0.618 -0.250  1.550 -0.021  0.016 -0.011  1.000
1735445406.071 54 84.710 12.664  3.715 248.163 218.840 -0.618 -0.250  1.550 -0.021  0.016 -0.011  1.000
1735445406.071 55  9.482 -0.303  0.025 306.520 291.062 -0.618 -0.250  1.550 -0.021  0.016 -0.011  1.000
1735445406.071 206 20.177 13.223  8.648 53.520 89.694 -0.618 -0.250  1.550 -0.021  0.016 -0.011  1.000
1735445406.071 79 25.179 -3.198 14.959 361.931  23.374 -0.618 -0.250  1.550 -0.021  0.016 -0.011  1.000
1735445406.071 81 65.330 16.921 27.521 210.251  71.694 -0.618 -0.250  1.550 -0.021  0.016 -0.011  1.000
1735445406.071 22 28.136  8.012  0.876 193.257 235.985 -0.618 -0.250  1.550 -0.021  0.016 -0.011  1.000
1735445406.071 82  24.048 -14.182  11.602 534.562  73.311 -0.618 -0.250  1.550 -0.021  0.016 -0.011  1.000
1735445406.071 23 20.422  8.284  0.227 146.313 251.606 -0.618 -0.250  1.550 -0.021  0.016 -0.011  1.000
1735445406.071 83 64.160  6.062 20.346 273.459 113.545 -0.618 -0.250  1.550 -0.021  0.016 -0.011  1.000
1735445406.071 24 7.526 2.705 0.684 162.698 270.583 -0.618 -0.250  1.550 -0.021  0.016 -0.011  1.000
1735445406.071 223 93.252 -0.328 47.059 315.264  37.358 -0.618 -0.250  1.550 -0.021  0.016 -0.011  1.000
1735445406.071 96  23.780 -11.788  10.708 498.354  86.098 -0.618 -0.250  1.550 -0.021  0.016 -0.011  1.000
1735445406.071 97 51.203 -6.308  7.969 354.526 182.007 -0.618 -0.250  1.550 -0.021  0.016 -0.011  1.000
1735445406.071 38  22.022 -11.161   7.123 498.722 138.380 -0.618 -0.250  1.550 -0.021  0.016 -0.011  1.000
1735445406.071 100 47.405  4.716  3.970 267.072 208.171 -0.618 -0.250  1.550 -0.021  0.016 -0.011  1.000
1735445406.071 41 47.181  4.568  0.999 267.407 235.063 -0.618 -0.250  1.550 -0.021  0.016 -0.011  1.000
1735445406.071 99  22.249 -11.156   7.902 497.526 123.222 -0.618 -0.250  1.550 -0.021  0.016 -0.011  1.000
1735445406.071 40 47.130 -5.648  4.581 352.092 206.488 -0.618 -0.250  1.550 -0.021  0.016 -0.011  1.000
1735445406.071 128 29.635  8.722  3.728 191.108 198.108 -0.618 -0.250  1.550 -0.021  0.016 -0.011  1.000
1735445406.071 10  22.629 -14.130  10.493 546.459  84.746 -0.618 -0.250  1.550 -0.021  0.016 -0.011  1.000
1735445406.071 69 8.890 2.587 0.333 188.073 278.992 -0.618 -0.250  1.550 -0.021  0.016 -0.011  1.000
1735445406.071 102 19.979  8.075  0.189 146.814 251.718 -0.618 -0.250  1.550 -0.021  0.016 -0.011  1.000
1735445406.071 98  25.447 -14.868  14.230 535.130  41.923 -0.618 -0.250  1.550 -0.021  0.016 -0.011  1.000
1735445406.071 39 18.528 11.933  2.984  55.778 195.530 -0.618 -0.250  1.550 -0.021  0.016 -0.011  1.000
1735445406.071 127 84.609 -3.851 38.263 331.385  58.843 -0.618 -0.250  1.550 -0.021  0.016 -0.011  1.000
1735445406.071 114 21.013  6.543 -0.213 181.899 258.837 -0.618 -0.250  1.550 -0.021  0.016 -0.011  1.000
1735445406.071 101 42.437 -8.810  4.217 385.076 205.887 -0.618 -0.250  1.550 -0.021  0.016 -0.011  1.000
1735445406.071 220 4.640 1.675 0.286 160.306 323.951 -0.618 -0.250  1.550 -0.021  0.016 -0.011  1.000
1735445406.071 93 49.232 -5.081  6.447 346.052 191.486 -0.618 -0.250  1.550 -0.021  0.016 -0.011  1.000
1735445406.071 122 45.147 -2.821  2.883 329.018 218.920 -0.618 -0.250  1.550 -0.021  0.016 -0.011  1.000
1735445406.071 219 7.804 5.050 1.049  56.458 248.140 -0.618 -0.250  1.550 -0.021  0.016 -0.011  1.000
1735445406.071 92 16.257 11.996  2.957  20.325 196.424 -0.618 -0.250  1.550 -0.021  0.016 -0.011  1.000
1735445406.071 121 27.967 -9.812  2.937 436.774 214.405 -0.618 -0.250  1.550 -0.021  0.016 -0.011  1.000
1735445406.071 62 19.976 13.079  7.839  53.553 103.030 -0.618 -0.250  1.550 -0.021  0.016 -0.011  1.000
1735445406.071 91  26.527 -10.084  12.800 456.552  68.527 -0.618 -0.250  1.550 -0.021  0.016 -0.011  1.000
1735445406.071 159  24.827 -12.186  11.846 497.560  74.344 -0.618 -0.250  1.550 -0.021  0.016 -0.011  1.000
1735445406.071 32  88.224 -17.202  44.045 390.245  42.325 -0.618 -0.250  1.550 -0.021  0.016 -0.011  1.000
1735445406.071 120  31.895 -10.412   8.920 432.657 142.897 -0.618 -0.250  1.550 -0.021  0.016 -0.011  1.000
1735445406.071 61 18.998 13.416  8.752 33.863 79.268 -0.618 -0.250  1.550 -0.021  0.016 -0.011  1.000
1735445406.071 90 39.779 12.578 19.361 188.297  51.351 -0.618 -0.250  1.550 -0.021  0.016 -0.011  1.000
1735445406.071 158  36.153 -12.169  20.111 443.686  33.376 -0.618 -0.250  1.550 -0.021  0.016 -0.011  1.000
1735445406.071 31 25.475 11.610 12.940 132.742  51.451 -0.618 -0.250  1.550 -0.021  0.016 -0.011  1.000
1735445406.071 246 25.024 11.385 12.709 133.288  52.155 -0.618 -0.250  1.550 -0.021  0.016 -0.011  1.000
1735445406.071 119 88.856 -6.786 40.729 342.895  57.795 -0.618 -0.250  1.550 -0.021  0.016 -0.011  1.000
1735445406.071 60  39.004 -12.005  19.702 431.874  52.539 -0.618 -0.250  1.550 -0.021  0.016 -0.011  1.000
1735445406.071 106 40.231 12.683 19.549 188.653  51.079 -0.618 -0.250  1.550 -0.021  0.016 -0.011  1.000
1735445406.071 47 84.312 -3.798 38.637 331.338  58.889 -0.618 -0.250  1.550 -0.021  0.016 -0.011  1.000
1735445406.071 215  31.126 -10.199   8.724 433.034 142.588 -0.618 -0.250  1.550 -0.021  0.016 -0.011  1.000
1735445406.071 88 28.849  8.359  2.538 192.343 214.255 -0.618 -0.250  1.550 -0.021  0.016 -0.011  1.000
1735445406.071 117 23.971  7.798  0.959 177.417 237.145 -0.618 -0.250  1.550 -0.021  0.016 -0.011  1.000
1735445406.071 87 58.342  3.122 14.737 288.312 140.349 -0.618 -0.250  1.550 -0.021  0.016 -0.011  1.000
1735445406.071 116 31.397 10.789 11.787 175.524  98.977 -0.618 -0.250  1.550 -0.021  0.016 -0.011  1.000
1735445406.071 211  24.982 -14.629  12.873 534.163  59.822 -0.618 -0.250  1.550 -0.021  0.016 -0.011  1.000
1735445406.071 84  68.645 -14.113  22.452 390.614 112.114 -0.618 -0.250  1.550 -0.021  0.016 -0.011  1.000
1735445406.071 113  25.891 -14.138  14.362 520.828  43.017 -0.618 -0.250  1.550 -0.021  0.016 -0.011  1.000
1735445406.071 205 42.189 -5.115  1.785 350.927 228.245 -0.618 -0.250  1.550 -0.021  0.016 -0.011  1.000
1735445406.071 78 87.437  9.320 46.585 272.506  25.749 -0.618 -0.250  1.550 -0.021  0.016 -0.011  1.000
1735445406.071 154 24.757 15.371  9.719 66.506 97.177 -0.618 -0.250  1.550 -0.021  0.016 -0.011  1.000
1735445406.071 27  92.241 -17.404  50.497 388.784  23.127 -0.618 -0.250  1.550 -0.021  0.016 -0.011  1.000
1735445406.071 13  34.971 -11.009  13.861 431.535  97.296 -0.618 -0.250  1.550 -0.021  0.016 -0.011  1.000
1735445406.071 14  22.295 -11.155   8.020 497.434 123.684 -0.618 -0.250  1.550 -0.021  0.016 -0.011  1.000
1735445406.071 11 63.436  1.478 23.709 302.534  93.765 -0.618 -0.250  1.550 -0.021  0.016 -0.011  1.000
1735445406.071 12 66.888 -3.542 25.181 332.458  92.831 -0.618 -0.250  1.550 -0.021  0.016 -0.011  1.000
1735445406.071 15 53.687 -5.816 14.236 351.279 139.690 -0.618 -0.250  1.550 -0.021  0.016 -0.011  1.000
1735445406.071 74  25.564 -15.693  14.391 546.559  42.137 -0.618 -0.250  1.550 -0.021  0.016 -0.011  1.000
1735445406.071 44 63.410 16.659 31.997 210.136  39.605 -0.618 -0.250  1.550 -0.021  0.016 -0.011  1.000
1735445406.071 16 30.984  9.140  5.918 192.212 173.704 -0.618 -0.250  1.550 -0.021  0.016 -0.011  1.000
1735445406.071 75  25.359 -16.360  14.315 558.224  42.060 -0.618 -0.250  1.550 -0.021  0.016 -0.011  1.000
1735445406.071 45  25.637 -14.931  14.496 534.686  41.629 -0.618 -0.250  1.550 -0.021  0.016 -0.011  1.000
1735445406.071 49  22.804 -13.602   9.390 534.847 104.120 -0.618 -0.250  1.550 -0.021  0.016 -0.011  1.000
1735445406.071 48  62.954 -12.588  24.187 389.443  92.684 -0.618 -0.250  1.550 -0.021  0.016 -0.011  1.000
