# timestamp featID feat_p3d feat_uv_pixel cam_pose_t cam_pose_q
1735445406.071 4361  3.681  0.908 -0.192 205.483 386.179 -0.618 -0.250  1.550 -0.021  0.016 -0.011  1.000
1735445406.071 4357 4.935 3.355 0.141 0.000 0.000 -0.618 -0.250  1.550 -0.021  0.016 -0.011  1.000
1735445406.071 4282 4.496 0.857 0.159 224.571 334.266 -0.618 -0.250  1.550 -0.021  0.016 -0.011  1.000
1735445406.071 4304 4.169 1.096 0.178 198.740 339.916 -0.618 -0.250  1.550 -0.021  0.016 -0.011  1.000
1735445406.071 4306 3.655 1.259 0.037 172.543 365.898 -0.618 -0.250  1.550 -0.021  0.016 -0.011  1.000
1735445406.071 4483  3.535  0.918 -0.001 200.356 373.828 -0.618 -0.250  1.550 -0.021  0.016 -0.011  1.000
1735445406.071 4206  6.276 -4.521 -0.048 545.466 321.777 -0.618 -0.250  1.550 -0.021  0.016 -0.011  1.000
1735445406.071 4205  7.426 -4.620 -0.052 515.695 308.474 -0.618 -0.250  1.550 -0.021  0.016 -0.011  1.000
1735445406.071 4305 3.594 1.549 0.035 141.729 368.064 -0.618 -0.250  1.550 -0.021  0.016 -0.011  1.000
1735445406.071 4402 4.050 0.807 0.077 219.705 350.975 -0.618 -0.250  1.550 -0.021  0.016 -0.011  1.000
1735445406.071 4568 3.467 1.808 0.773 112.079 301.764 -0.618 -0.250  1.550 -0.021  0.016 -0.011  1.000
1735445406.071 4571 4.785 2.763 0.332  90.017 315.368 -0.618 -0.250  1.550 -0.021  0.016 -0.011  1.000
1735445406.071 4281 3.619 0.804 0.362 211.545 338.178 -0.618 -0.250  1.550 -0.021  0.016 -0.011  1.000
1735445406.071 4485  6.115 -4.801  0.011 565.558 320.345 -0.618 -0.250  1.550 -0.021  0.016 -0.011  1.000
1735445406.071 4144 4.456 2.273 0.699  92.726 250.326 -0.618 -0.250  1.550 -0.021  0.016 -0.011  1.000
1735445406.071 4400  3.981  2.245 -0.112  98.474 368.110 -0.618 -0.250  1.550 -0.021  0.016 -0.011  1.000
1735445406.071 4296  3.408  2.147 -0.253  76.149 402.214 -0.618 -0.250  1.550 -0.021  0.016 -0.011  1.000
1735445406.071 4541  7.232 -5.899  0.889 582.816 265.545 -0.618 -0.250  1.550 -0.021  0.016 -0.011  1.000
1735445406.071 4298  3.565  2.412 -0.107  60.615 381.039 -0.618 -0.250  1.550 -0.021  0.016 -0.011  1.000
1735445406.071 4299  4.431  2.204 -0.078 117.871 352.688 -0.618 -0.250  1.550 -0.021  0.016 -0.011  1.000
1735445406.071 4566 3.720 1.991 0.847 107.406 290.367 -0.618 -0.250  1.550 -0.021  0.016 -0.011  1.000
1735445406.071 4567 5.639 3.870 0.287  49.053 305.484 -0.618 -0.250  1.550 -0.021  0.016 -0.011  1.000
1735445406.071 4492  8.647  0.337 -0.086 282.186 297.081 -0.618 -0.250  1.550 -0.021  0.016 -0.011  1.000
1735445406.071 4109 3.713 1.289 0.339 172.258 331.851 -0.618 -0.250  1.550 -0.021  0.016 -0.011  1.000
1735445406.071 4490  8.934 -0.250 -0.134 306.690 297.324 -0.618 -0.250  1.550 -0.021  0.016 -0.011  1.000
1735445406.071 4491  8.257  0.768 -0.079 262.994 299.703 -0.618 -0.250  1.550 -0.021  0.016 -0.011  1.000
